16 320 16 16
80 288 16 16
144 320 16 16
208 288 16 16
272 320 16 16
336 288 16 16
400 320 16 16
464 288 16 16
528 320 16 16
592 288 16 16
720 320 16 16
672 224 16 16
800 208 16 16
864 224 16 16
912 320 16 16
976 224 16 16
1040 320 16 16
1104 320 16 16
1168 320 16 16
1232 320 16 16
1312 320 16 16
1360 288 16 16
1424 224 16 16
1488 192 16 16
1616 224 16 16
1680 208 16 16
1552 320 16 16
1744 288 16 16
1824 224 16 16
1888 320 16 16
1552 400 16 16
1616 400 16 16
1680 400 16 16
1744 400 16 16
1808 400 16 16
1872 400 16 16
1936 400 16 16
2016 400 16 16
1936 208 16 16
2000 224 16 16
2128 224 16 16
2192 256 16 16
2272 224 16 16
2064 288 16 16
2320 320 16 16
2400 288 16 16
2448 320 16 16
2512 320 16 16
2576 288 16 16
2640 320 16 16
2704 288 16 16
2768 304 16 16