0 0 8 192
16 0 1008 8
88 80 32 24
296 80 80 8
320 16 64 64
184 208 24 8
216 192 40 16
264 160 48 48
376 160 16 48
440 160 16 48
520 112 112 8
680 112 48 8
856 80 32 24
320 192 504 40
832 208 24 8
954 208 24 8
984 192 40 40
1016 16 8 176
0 192 56 40
64 208 24 8
208 208 48 24
256 240 256 240
874 304 48 8
792 352 32 8
968 352 32 8
774 434 16 16
1008 432 16 16
1016 240 8 192
776 448 240 24
0 240 8 700
16 480 40 120
16 672 8 16
16 688 40 24
232 560 16 48
264 592 32 96
248 672 256 48
344 544 16 8
424 560 16 32
424 592 80 8
776 592 248 8
808 560 16 32
888 560 16 32
968 560 16 32
776 672 248 56
872 736 64 120
808 816 16 111
616 784 64 24
728 832 32 8
264 720 80 120
352 720 152 40
424 768 80 72
512 800 56 40
0 912 1024 16
1000 720 24 192